31705
10042
8020
1022
35014
20040
28002
15111
12124
9021
7007
20011
33006
5005
11029
4020
7012
19019
14113
15028
22005
20027
18042
11008
19038
13037
13040
16027
15118
6006
20015
9005
8031
12015
14120
9007
9019
15040
14013
42201
11038
18019
901
15064
12031
13021
34002
2005
22012
5104
31008
15062
4012
3011
20017
18028
12024
11113
21015
42015
5002
10040
13018
13026
19028
10008
6015
43006
15054
11043
5024
15036
42504
6107
17029
13050
9020
14029
10029
9004
10015
6029
12151
12019
13116
19114
8025
14033
22011
12032
16110
15049
16030
15042
19012
21018
15053
18027
6103
42006
17011
6020
11017
14111
11032
21113
11044
3001
20133
13047
34009
11001
3007
9009
905
15115
5018
35006
9036
4107
17050
5013
20110
13001
13103
17018
31704
4103
21013
11012
33012
35001
21703
2101
17025
7004
20032
9008
43007
12006
21204
14016
31002
15070
17047
18018
4014
15105
10024
8054
7009
1015
17002
18030
32605
43005
13045
8034
2012
5029
20008
17039
15069
5027
12017
35003
20116
18011
13005
10032
15037
21106
8055
19111
4002
15030
11020
15059
8549
21501
14011
8013
43001
44101
1007
8105
16042
18022
21101
14125
14115
17004
17007
17116
9104
8008
3013
13023
43008
20016
18005
14106
20120
15107
15013
33104
4009
16034
9029
13022
20018
8002
8047
33009
11042
21707
15047
13121
7001
15039
8057
6001
11109
20019
14027
16104
11111
18111
14108
8026
9002
11019
19118
5022
10009
12038
14036
17005
16019
13106
21007
10111
35008
19022
19109
8048
9014
9108
13009
19006
17009
12106
19125
42703
8016
15025
5031
6008
1116
15033
12130
19035
19001
41603
18041
20119
20047
15026
2022
20006
16044
17033
20035
18040
10021
10006
18026
16016
19009
19101
17044
12107
7014
14001
12021
3009
3004
19105
18001
15108
20030
2020
14104
11004
16022
19106
13010
17107
13101
13151
8029
15034
3003
13046
20023
1012
13111
42008
12041
21104
11009
19031
23010
13031
9017
12026
12012
5026
11045
32602
18046
10014
19115
12113
20042
7023
18113
19027
33102
19026
17028
17030
10017
15103
8033
19025
4018
16118
2107
42706
12128
20025
28003
14009
11035
18101
19123
15011
12033
9034
14035
21009
17023
20039
16010
8052
17026
42702
14110
10152
14107
15031
11010
7021
16005
21303
15041
13055
21021
10025
20121
19011
13038
1016
1102
16025
16017
20029
22101
20131
1003
17001
1010
17016
11002
13120
8004
20113
10036
42207
12028
5008
2003
1026
20112
16101
17110
15120
10114
17031
6021
16031
16103
6027
8030
4105
20044
12120
16018
13042
41302
23004
12109
9030
18017
18107
15008
7018
19044
10012
7022
35012
1009
15051
20107
8012
3012
10105
9033
14116
12027
13034
9026
17013
31004
9106
16028
18034
5010
12102
5019
16038
9022
11030
16130
43009
15113
1001
18044
23001
17046
19018
16033
14031
16029
17021
19116
34010
22006
19014
15038
20043
21207
20036
15067
18114
9035
2016
5021
18006
4015
20117
35009
17012
19029
10004
2010
9027
11040
21003
13036
42014
906
14117
10031
9010
13053
1002
16107
13118
20013
17105
17043
14037
8005
5003
11037
10034
21211
16002
13008
21110
17041
8102
11027
15027
20045
10001
15021
9113
5107
17040
41203
15010
9012
2015
34011
31706
16123
12002
15009
12036
8001
14004
3101
10010
13122
18029
21005
15061
14122
18025
7003
10113
12030
10161
16043
12123
18122
908
12126
14006
17117
6013
8015
5014
19119
13048
6003
8113
19039
18012
21310
13025
31702
10002
43401
11025
15114
11013
17037
9101
11101
21012
20132
12042
18038
10153
10023
8017
20122
8103
32003
43004
17019
17119
2009
19016
20115
11021
8036
9039
18002
41301
19017
18032
8039
14101
4003
18010
15060
12105
12003
14103
13030
8046
16023
10035
21111
14127
13016
12010
20105
19023
15125
8049
5017
18037
19033
5034
6024
11014
20021
2011
32603
16121
7101
32006
18024
20106
903
16105
9025
22002
13024
9016
9037
9001
20002
23009
19046
2017
19003
14023
15020
11039
19041
17101
12018
15001
33103
13014
20109
7103
15006
19013
35011
14032
11046
4007
11031
19021
21014
14010
10039
12110
15048
5015
2001
7015
16024
42013
11036
15109
5004
14012
42007
8028
18110
31708
14112
10107
23006
20041
3014
3006
42203
6026
2002
8056
5032
22010
16111
14014
12035
33005
12005
15106
18043
17015
13043
16007
7024
23007
13104
21203
5009
1006
21208
16013
23008
18023
18047
13028
3005
18031
15104
19007
12023
20028
31009
13002
13004
8011
20103
42205
1019
12022
19020
14030
7026
21704
44102
9003
21209
22008
42202
13033
17032
11016
5033
12108
34007
19102
16116
41103
12020
42002
21309
35010
4001
16026
43010
15012
35002
10038
14025
9031
1004
20034
4021
20024
42010
21205
18105
6018
20009
31007
15122
16020
21706
5001
16008
18020
4011
22403
8007
19103
34004
8038
8010
13041
4019
19030
16003
21702
15046
6002
19036
1013
14034
12037
31005
4017
21705
4010
17003
8104
7017
23011
15043
13123
20005
18007
15044
32604
15002
15005
10026
13052
14018
15068
31703
21001
6010
8018
43003
15023
5023
41602
21202
20001
5030
22003
10011
19037
21103
19008
42704
13109
7016
9011
17020
3002
18008
35005
11007
14003
20026
13102
7005
19110
15126
13013
42206
7002
14015
11112
35007
21306
19113
42016
31701
16039
7019
5105
12115
33010
11003
1005
16014
22402
19010
18004
9111
13107
11018
17022
21210
17010
35004
9023
6104
21105
4006
17024
20033
17038
12009
8110
15003
12013
1025
21008
12040
13039
13054
15029
19004
14114
21307
8009
42208
17102
18033
32001
11022
32606
4104
22405
21109
12008
33001
16011
8040
13113
9028
18015
12014
41102
2004
14005
21019
13032
16041
13019
6032
11104
7008
43002
8051
15014
19120
6014
12112
14028
18109
7025
7010
6009
42505
10003
42012
11026
6028
42501
15071
18103
22007
41201
15052
6004
13006
20038
15035
21305
6017
13044
20022
4005
12122
12114
34006
21302
21206
6005
2006
17048
16012
21502
15019
15056
18035
7013
21002
12001
16035
8053
9015
13117
10019
32004
8050
42701
10018
9018
19045
18014
9024
31001
8003
8019
15032
21112
20108
17115
12127
31011
41604
10115
3008
22404
20004
20007
16004
21107
18102
15065
21301
10037
17027
1018
5028
15024
16001
42502
33013
20020
8101
19034
5012
10022
15058
21004
16009
19108
8035
5016
10033
14007
18048
21017
7102
16135
9102
10027
6025
42705
1024
17111
9013
7011
2013
19040
15072
14021
11011
31003
13029
1014
18108
11023
2021
19043
9006
16006
11102
18021
15016
16112
22004
16032
20012
13114
32601
18003
4101
20031
15018
15017
10005
17017
8027
15112
28001
18045
12125
22014
10020
21304
10028
3010
11105
8032
12111
11033
5006
21011
18039
18009
22401
9032
16015
41601
21006
18112
21308
13020
33011
19005
12004
21201
31013
16108
13017
20037
2108
12101
8044
31010
14124
13514
5035
12007
6012
5007
21010
12034
42707
19015
14024
4016
15004
6031
18049
22009
35013
20014
10013
14002
41101
13027
13015
33003
22407
9038
22406
21701
5020
18013
17014
31707
1023
15102
2008
6108
42009
14019
6007
11034
17045
21016
11028
16129
13011
15055
10016
34008
12029
34005
14008
21102
12152
6030
11103
12016
8045
4013
17036
31012
11041
23002
6016
17042
13035
20048
2014
14026
22013
41202
23005
16040
11110
11107
8037
15045
18016
21020
19002
8115
16036
17104
19117
20111
10041
19024
6022
12043
21108
12119
23003
16115
16102
20104
10110
14020
19124
2102
13007
11006
20118
11024
15110
16122
7020
41605
16124
15123
5106
22001
12039
31006
16037
2007
5110
12011
10151
16021
15050
20503
31709
13110
21503
1017
17006
7006
8041
21311
19121
1020
10007